System Properties
Collision Frequency :0.228000
Pressure: 0.005460
Temparature: 0.000362
rms Velocity: 0.010000
Mean Free Path: 0.430663

particle states
0 0.920643 0.655609 -0.011021 0.008849 0.020000 10.000000 212 132 195 
1 0.360881 0.792378 0.002564 -0.005032 0.020000 10.000000 77 70 131 
2 0.139196 0.213908 -0.007292 -0.000685 0.020000 10.000000 69 182 157 
3 0.438411 0.708074 0.018117 -0.006931 0.020000 10.000000 117 252 51 
4 0.293946 0.471680 -0.004969 -0.002491 0.020000 10.000000 144 87 210 
5 0.521357 0.815979 -0.011508 0.003038 0.020000 10.000000 124 199 7 
6 0.376838 0.571702 0.009521 -0.001355 0.020000 10.000000 120 63 218 
7 0.114710 0.705061 -0.001076 -0.005310 0.020000 10.000000 115 203 47 
8 0.907953 0.208771 -0.003882 0.005237 0.020000 10.000000 237 124 61 
9 0.562328 0.164914 -0.001218 0.000277 0.020000 10.000000 30 224 169 
