System Properties
Collision Frequency :0.228000
Pressure: 0.005460
Temparature: 0.000362
rms Velocity: 0.010000
Mean Free Path: 0.430663

particle states
0 0.920643 0.655609 -0.011021 0.008849 0.020000 10.000000 212 132 195 
1 0.360881 0.792378 0.002564 -0.005032 0.020000 10.000000 77 70 131 
2 0.139196 0.213908 -0.007292 -0.000685 0.020000 10.000000 69 182 157 
3 0.438411 0.708074 0.018117 -0.006931 0.020000 10.000000 117 252 51 
4 0.293946 0.471680 -0.004969 -0.002491 0.020000 10.000000 144 87 210 
5 0.521357 0.815979 -0.011508 0.003038 0.020000 10.000000 124 199 7 
6 0.376838 0.571702 0.009521 -0.001355 0.020000 10.000000 120 63 218 
7 0.114710 0.705061 -0.001076 -0.005310 0.020000 10.000000 115 203 47 
8 0.907953 0.208771 -0.003882 0.005237 0.020000 10.000000 237 124 61 
9 0.562328 0.164914 -0.001218 0.000277 0.020000 10.000000 30 224 169 

particle Records
Particle 2 : rx ry vx vy0.569374 0.858269 -0.002362 0.009717
0.569374 0.858269 -0.002362 0.009717
0.567012 0.867986 -0.002362 0.009717
0.564651 0.877703 -0.002362 0.009717
0.562289 0.887421 -0.002362 0.009717
0.559927 0.897138 -0.002362 0.009717
0.557565 0.906855 -0.002362 0.009717
0.555203 0.916572 -0.002362 0.009717
0.552841 0.926289 -0.002362 0.009717
0.550479 0.936006 -0.002362 0.009717
0.548117 0.945723 -0.002362 0.009717
0.545756 0.955440 -0.002362 0.009717
0.543394 0.965157 -0.002362 0.009717
0.541032 0.974874 -0.002362 0.009717
0.538670 0.975409 -0.002362 -0.009717
0.536308 0.965692 -0.002362 -0.009717
0.533946 0.955975 -0.002362 -0.009717
0.531584 0.946258 -0.002362 -0.009717
0.529222 0.936540 -0.002362 -0.009717
0.526861 0.926823 -0.002362 -0.009717
0.524499 0.917106 -0.002362 -0.009717
0.522137 0.907389 -0.002362 -0.009717
0.519775 0.897672 -0.002362 -0.009717
0.517413 0.887955 -0.002362 -0.009717
0.515051 0.878238 -0.002362 -0.009717
0.512689 0.868521 -0.002362 -0.009717
0.510327 0.858804 -0.002362 -0.009717
0.507966 0.849087 -0.002362 -0.009717
0.505604 0.839370 -0.002362 -0.009717
0.503242 0.829653 -0.002362 -0.009717
0.500880 0.819936 -0.002362 -0.009717
0.498518 0.810218 -0.002362 -0.009717
0.496156 0.800501 -0.002362 -0.009717
0.493794 0.790784 -0.002362 -0.009717
0.491432 0.781067 -0.002362 -0.009717
0.489071 0.771350 -0.002362 -0.009717
0.486709 0.761633 -0.002362 -0.009717
0.484347 0.751916 -0.002362 -0.009717
0.481985 0.742199 -0.002362 -0.009717
0.479623 0.732482 -0.002362 -0.009717
0.477261 0.722765 -0.002362 -0.009717
0.474899 0.713048 -0.002362 -0.009717
0.472537 0.703331 -0.002362 -0.009717
0.470176 0.693614 -0.002362 -0.009717
0.467814 0.683896 -0.002362 -0.009717
0.465452 0.674179 -0.002362 -0.009717
0.463090 0.664462 -0.002362 -0.009717
0.460728 0.654745 -0.002362 -0.009717
0.458366 0.645028 -0.002362 -0.009717
0.456004 0.635311 -0.002362 -0.009717
0.453642 0.625594 -0.002362 -0.009717
0.451281 0.615877 -0.002362 -0.009717
0.448919 0.606160 -0.002362 -0.009717
0.446557 0.596443 -0.002362 -0.009717
0.444195 0.586726 -0.002362 -0.009717
0.441833 0.577009 -0.002362 -0.009717
0.439471 0.567292 -0.002362 -0.009717
0.437109 0.557575 -0.002362 -0.009717
0.434747 0.547857 -0.002362 -0.009717
0.432385 0.538140 -0.002362 -0.009717
0.430024 0.528423 -0.002362 -0.009717
0.427662 0.518706 -0.002362 -0.009717
0.425300 0.508989 -0.002362 -0.009717
0.422938 0.499272 -0.002362 -0.009717
0.420576 0.489555 -0.002362 -0.009717
0.418214 0.479838 -0.002362 -0.009717
0.415852 0.470121 -0.002362 -0.009717
0.413490 0.460404 -0.002362 -0.009717
0.411129 0.450687 -0.002362 -0.009717
0.408767 0.440970 -0.002362 -0.009717
0.406405 0.431253 -0.002362 -0.009717
0.404043 0.421535 -0.002362 -0.009717
0.401681 0.411818 -0.002362 -0.009717
0.399319 0.402101 -0.002362 -0.009717
0.396957 0.392384 -0.002362 -0.009717
0.394595 0.382667 -0.002362 -0.009717
0.392234 0.372950 -0.002362 -0.009717
0.389872 0.363233 -0.002362 -0.009717
0.387510 0.353516 -0.002362 -0.009717
0.385148 0.343799 -0.002362 -0.009717
0.382786 0.334082 -0.002362 -0.009717
0.380424 0.324365 -0.002362 -0.009717
0.378062 0.314648 -0.002362 -0.009717
0.375700 0.304931 -0.002362 -0.009717
0.373339 0.295214 -0.002362 -0.009717
0.361573 0.288309 -0.016650 -0.005443
0.344924 0.282866 -0.016650 -0.005443
0.328274 0.277423 -0.016650 -0.005443
0.311624 0.271980 -0.016650 -0.005443
0.294974 0.266537 -0.016650 -0.005443
0.278324 0.261093 -0.016650 -0.005443
0.261674 0.255650 -0.016650 -0.005443
0.245024 0.250207 -0.016650 -0.005443
0.228374 0.244764 -0.016650 -0.005443
0.211724 0.239321 -0.016650 -0.005443
0.195074 0.233878 -0.016650 -0.005443
0.178424 0.228434 -0.016650 -0.005443
0.161775 0.222991 -0.016650 -0.005443
0.145125 0.217548 -0.016650 -0.005443
0.128475 0.212105 -0.016650 -0.005443
0.111825 0.206662 -0.016650 -0.005443
0.111671 0.220727 -0.000076 0.014158
0.111594 0.234885 -0.000076 0.014158
0.111518 0.249043 -0.000076 0.014158
0.111442 0.263200 -0.000076 0.014158
0.111365 0.277358 -0.000076 0.014158
0.111289 0.291515 -0.000076 0.014158
0.111213 0.305673 -0.000076 0.014158
0.111137 0.319831 -0.000076 0.014158
0.111060 0.333988 -0.000076 0.014158
0.110984 0.348146 -0.000076 0.014158
0.110908 0.362304 -0.000076 0.014158
0.110831 0.376461 -0.000076 0.014158
0.110755 0.390619 -0.000076 0.014158
0.110679 0.404777 -0.000076 0.014158
0.110603 0.418934 -0.000076 0.014158
0.110526 0.433092 -0.000076 0.014158
0.110450 0.447249 -0.000076 0.014158
0.110374 0.461407 -0.000076 0.014158
0.110297 0.475565 -0.000076 0.014158
0.110221 0.489722 -0.000076 0.014158
0.110145 0.503880 -0.000076 0.014158
0.110069 0.518038 -0.000076 0.014158
0.109992 0.532195 -0.000076 0.014158
0.109916 0.546353 -0.000076 0.014158
0.109840 0.560511 -0.000076 0.014158
0.109763 0.574668 -0.000076 0.014158
0.109687 0.588826 -0.000076 0.014158
0.109611 0.602983 -0.000076 0.014158
0.109535 0.617141 -0.000076 0.014158
0.109458 0.631299 -0.000076 0.014158
0.109382 0.645456 -0.000076 0.014158
0.109306 0.659614 -0.000076 0.014158
0.109229 0.673772 -0.000076 0.014158
0.109153 0.687929 -0.000076 0.014158
0.109077 0.702087 -0.000076 0.014158
0.109001 0.716245 -0.000076 0.014158
0.108924 0.730402 -0.000076 0.014158
0.108848 0.744560 -0.000076 0.014158
0.108772 0.758718 -0.000076 0.014158
0.108695 0.772875 -0.000076 0.014158
0.108619 0.787033 -0.000076 0.014158
0.108543 0.801190 -0.000076 0.014158
0.108467 0.815348 -0.000076 0.014158
0.108390 0.829506 -0.000076 0.014158
0.108314 0.843663 -0.000076 0.014158
0.108238 0.857821 -0.000076 0.014158
0.108161 0.871979 -0.000076 0.014158
0.108085 0.886136 -0.000076 0.014158
0.108009 0.900294 -0.000076 0.014158
0.107933 0.914452 -0.000076 0.014158
0.107856 0.928609 -0.000076 0.014158
0.107780 0.942767 -0.000076 0.014158
0.107704 0.956924 -0.000076 0.014158
0.107627 0.971082 -0.000076 0.014158
0.107551 0.974760 -0.000076 -0.014158
0.107475 0.960603 -0.000076 -0.014158
0.107399 0.946445 -0.000076 -0.014158
0.107322 0.932287 -0.000076 -0.014158
0.107246 0.918130 -0.000076 -0.014158
0.107170 0.903972 -0.000076 -0.014158
0.107093 0.889814 -0.000076 -0.014158
0.107017 0.875657 -0.000076 -0.014158
0.106941 0.861499 -0.000076 -0.014158
0.106865 0.847341 -0.000076 -0.014158
0.106788 0.833184 -0.000076 -0.014158
0.106712 0.819026 -0.000076 -0.014158
0.106636 0.804869 -0.000076 -0.014158
0.106559 0.790711 -0.000076 -0.014158
0.106483 0.776553 -0.000076 -0.014158
0.106407 0.762396 -0.000076 -0.014158
0.106331 0.748238 -0.000076 -0.014158
0.106254 0.734080 -0.000076 -0.014158
0.106178 0.719923 -0.000076 -0.014158
0.106102 0.705765 -0.000076 -0.014158
0.106025 0.691607 -0.000076 -0.014158
0.105949 0.677450 -0.000076 -0.014158
0.105873 0.663292 -0.000076 -0.014158
0.105797 0.649135 -0.000076 -0.014158
0.105720 0.634977 -0.000076 -0.014158
0.105644 0.620819 -0.000076 -0.014158
0.105568 0.606662 -0.000076 -0.014158
0.105491 0.592504 -0.000076 -0.014158
0.105415 0.578346 -0.000076 -0.014158
0.105339 0.564189 -0.000076 -0.014158
0.105263 0.550031 -0.000076 -0.014158
0.105186 0.535873 -0.000076 -0.014158
0.105110 0.521716 -0.000076 -0.014158
0.105034 0.507558 -0.000076 -0.014158
0.104957 0.493400 -0.000076 -0.014158
0.104881 0.479243 -0.000076 -0.014158
0.104805 0.465085 -0.000076 -0.014158
0.104729 0.450928 -0.000076 -0.014158
0.104652 0.436770 -0.000076 -0.014158
0.104576 0.422612 -0.000076 -0.014158
0.104500 0.408455 -0.000076 -0.014158
0.104866 0.396605 0.002974 0.001761
0.107839 0.398366 0.002974 0.001761
0.110813 0.400127 0.002974 0.001761
0.113787 0.401888 0.002974 0.001761
0.116761 0.403649 0.002974 0.001761
0.119734 0.405410 0.002974 0.001761
0.122708 0.407171 0.002974 0.001761
0.125682 0.408933 0.002974 0.001761
0.128655 0.410694 0.002974 0.001761
0.131629 0.412455 0.002974 0.001761
0.134603 0.414216 0.002974 0.001761
0.137577 0.415977 0.002974 0.001761
0.140550 0.417738 0.002974 0.001761
0.143524 0.419499 0.002974 0.001761
0.146498 0.421261 0.002974 0.001761
0.149472 0.423022 0.002974 0.001761
0.152445 0.424783 0.002974 0.001761
0.155419 0.426544 0.002974 0.001761
0.158393 0.428305 0.002974 0.001761
0.161367 0.430066 0.002974 0.001761
0.164340 0.431827 0.002974 0.001761
0.167314 0.433589 0.002974 0.001761
0.170288 0.435350 0.002974 0.001761
0.173261 0.437111 0.002974 0.001761
0.176235 0.438872 0.002974 0.001761
0.179209 0.440633 0.002974 0.001761
0.182183 0.442394 0.002974 0.001761
0.185156 0.444155 0.002974 0.001761
0.188130 0.445917 0.002974 0.001761
0.191104 0.447678 0.002974 0.001761
0.194078 0.449439 0.002974 0.001761
0.197051 0.451200 0.002974 0.001761
0.200025 0.452961 0.002974 0.001761
0.202999 0.454722 0.002974 0.001761
0.205973 0.456484 0.002974 0.001761
0.208946 0.458245 0.002974 0.001761
0.211920 0.460006 0.002974 0.001761
0.214894 0.461767 0.002974 0.001761
0.217867 0.463528 0.002974 0.001761
0.220841 0.465289 0.002974 0.001761
0.223815 0.467050 0.002974 0.001761
0.226789 0.468812 0.002974 0.001761
0.229762 0.470573 0.002974 0.001761
0.232736 0.472334 0.002974 0.001761
0.235710 0.474095 0.002974 0.001761
0.238684 0.475856 0.002974 0.001761
0.241657 0.477617 0.002974 0.001761
0.244631 0.479378 0.002974 0.001761
0.247605 0.481140 0.002974 0.001761
0.250579 0.482901 0.002974 0.001761
0.253552 0.484662 0.002974 0.001761
0.256526 0.486423 0.002974 0.001761
0.259500 0.488184 0.002974 0.001761
0.262473 0.489945 0.002974 0.001761
0.265447 0.491706 0.002974 0.001761
0.268421 0.493468 0.002974 0.001761
0.271395 0.495229 0.002974 0.001761
0.274368 0.496990 0.002974 0.001761
0.277342 0.498751 0.002974 0.001761
0.280316 0.500512 0.002974 0.001761
0.283290 0.502273 0.002974 0.001761
0.286263 0.504034 0.002974 0.001761
0.289237 0.505796 0.002974 0.001761
0.292211 0.507557 0.002974 0.001761
0.295184 0.509318 0.002974 0.001761
0.298158 0.511079 0.002974 0.001761
0.301132 0.512840 0.002974 0.001761
0.304106 0.514601 0.002974 0.001761
0.307079 0.516362 0.002974 0.001761
0.310053 0.518124 0.002974 0.001761
0.313027 0.519885 0.002974 0.001761
0.316001 0.521646 0.002974 0.001761
0.318974 0.523407 0.002974 0.001761
0.321948 0.525168 0.002974 0.001761
0.324922 0.526929 0.002974 0.001761
0.327896 0.528691 0.002974 0.001761
0.330869 0.530452 0.002974 0.001761
0.333843 0.532213 0.002974 0.001761
0.336817 0.533974 0.002974 0.001761
0.339790 0.535735 0.002974 0.001761
0.342764 0.537496 0.002974 0.001761
0.345738 0.539257 0.002974 0.001761
0.348712 0.541019 0.002974 0.001761
0.351685 0.542780 0.002974 0.001761
0.354659 0.544541 0.002974 0.001761
0.357633 0.546302 0.002974 0.001761
0.360607 0.548063 0.002974 0.001761
0.363580 0.549824 0.002974 0.001761
0.366554 0.551585 0.002974 0.001761
0.369528 0.553347 0.002974 0.001761
0.372502 0.555108 0.002974 0.001761
0.375475 0.556869 0.002974 0.001761
0.378449 0.558630 0.002974 0.001761
0.381423 0.560391 0.002974 0.001761
0.384396 0.562152 0.002974 0.001761
0.387370 0.563913 0.002974 0.001761
0.390344 0.565675 0.002974 0.001761
0.393318 0.567436 0.002974 0.001761
0.396291 0.569197 0.002974 0.001761
0.399265 0.570958 0.002974 0.001761
0.402239 0.572719 0.002974 0.001761
0.405213 0.574480 0.002974 0.001761
0.408186 0.576241 0.002974 0.001761
0.391316 0.574439 -0.017419 -0.001901
0.373897 0.572537 -0.017419 -0.001901
0.356479 0.570636 -0.017419 -0.001901
0.339060 0.568734 -0.017419 -0.001901
0.321641 0.566833 -0.017419 -0.001901
0.304223 0.564931 -0.017419 -0.001901
0.286804 0.563030 -0.017419 -0.001901
0.269385 0.561128 -0.017419 -0.001901
0.251967 0.559227 -0.017419 -0.001901
0.234548 0.557326 -0.017419 -0.001901
0.217129 0.555424 -0.017419 -0.001901
0.199711 0.553523 -0.017419 -0.001901
0.182292 0.551621 -0.017419 -0.001901
0.164873 0.549720 -0.017419 -0.001901
0.147454 0.547818 -0.017419 -0.001901
0.130036 0.545917 -0.017419 -0.001901
0.112617 0.544016 -0.017419 -0.001901
0.095198 0.542114 -0.017419 -0.001901
0.077780 0.540213 -0.017419 -0.001901
0.060361 0.538311 -0.017419 -0.001901
0.042942 0.536410 -0.017419 -0.001901
0.025524 0.534508 -0.017419 -0.001901
0.031895 0.532607 0.017419 -0.001901
0.049314 0.530705 0.017419 -0.001901
0.066732 0.528804 0.017419 -0.001901
0.084151 0.526903 0.017419 -0.001901
0.101570 0.525001 0.017419 -0.001901
0.118988 0.523100 0.017419 -0.001901
0.136407 0.521198 0.017419 -0.001901
0.153826 0.519297 0.017419 -0.001901
0.171244 0.517395 0.017419 -0.001901
0.188663 0.515494 0.017419 -0.001901
0.206082 0.513593 0.017419 -0.001901
0.223501 0.511691 0.017419 -0.001901
0.240919 0.509790 0.017419 -0.001901
0.258338 0.507888 0.017419 -0.001901
0.275757 0.505987 0.017419 -0.001901
0.293175 0.504085 0.017419 -0.001901
0.310594 0.502184 0.017419 -0.001901
0.328013 0.500282 0.017419 -0.001901
0.345431 0.498381 0.017419 -0.001901
0.362850 0.496480 0.017419 -0.001901
0.380269 0.494578 0.017419 -0.001901
0.397687 0.492677 0.017419 -0.001901
0.415106 0.490775 0.017419 -0.001901
0.432525 0.488874 0.017419 -0.001901
0.449943 0.486972 0.017419 -0.001901
0.467362 0.485071 0.017419 -0.001901
0.484781 0.483170 0.017419 -0.001901
0.502200 0.481268 0.017419 -0.001901
0.519618 0.479367 0.017419 -0.001901
0.537037 0.477465 0.017419 -0.001901
0.554456 0.475564 0.017419 -0.001901
0.571874 0.473662 0.017419 -0.001901
0.589293 0.471761 0.017419 -0.001901
0.606712 0.469859 0.017419 -0.001901
0.624130 0.467958 0.017419 -0.001901
0.641549 0.466057 0.017419 -0.001901
0.658968 0.464155 0.017419 -0.001901
0.676386 0.462254 0.017419 -0.001901
0.693805 0.460352 0.017419 -0.001901
0.711224 0.458451 0.017419 -0.001901
0.728642 0.456549 0.017419 -0.001901
0.746061 0.454648 0.017419 -0.001901
0.763480 0.452747 0.017419 -0.001901
0.780898 0.450845 0.017419 -0.001901
0.798317 0.448944 0.017419 -0.001901
0.815736 0.447042 0.017419 -0.001901
0.833155 0.445141 0.017419 -0.001901
0.850573 0.443239 0.017419 -0.001901
0.867992 0.441338 0.017419 -0.001901
0.885411 0.439437 0.017419 -0.001901
0.902829 0.437535 0.017419 -0.001901
0.920248 0.435634 0.017419 -0.001901
0.937667 0.433732 0.017419 -0.001901
0.955085 0.431831 0.017419 -0.001901
0.972504 0.429929 0.017419 -0.001901
0.970077 0.428028 -0.017419 -0.001901
0.952659 0.426126 -0.017419 -0.001901
0.935240 0.424225 -0.017419 -0.001901
0.917821 0.422324 -0.017419 -0.001901
0.900403 0.420422 -0.017419 -0.001901
0.889673 0.408871 -0.010283 -0.012196
0.879390 0.396675 -0.010283 -0.012196
0.869108 0.384479 -0.010283 -0.012196
0.858825 0.372283 -0.010283 -0.012196
0.848543 0.360087 -0.010283 -0.012196
0.838260 0.347891 -0.010283 -0.012196
0.827978 0.335695 -0.010283 -0.012196
0.817695 0.323500 -0.010283 -0.012196
0.807412 0.311304 -0.010283 -0.012196
0.797130 0.299108 -0.010283 -0.012196
0.786847 0.286912 -0.010283 -0.012196
0.776565 0.274716 -0.010283 -0.012196
0.766282 0.262520 -0.010283 -0.012196
0.756000 0.250324 -0.010283 -0.012196
0.745717 0.238128 -0.010283 -0.012196
0.735435 0.225932 -0.010283 -0.012196
0.725152 0.213736 -0.010283 -0.012196
0.714869 0.201540 -0.010283 -0.012196
0.704587 0.189344 -0.010283 -0.012196
0.694304 0.177148 -0.010283 -0.012196
0.684022 0.164952 -0.010283 -0.012196
0.673739 0.152756 -0.010283 -0.012196
0.663457 0.140560 -0.010283 -0.012196
0.653174 0.128364 -0.010283 -0.012196
0.642892 0.116168 -0.010283 -0.012196
0.632609 0.103973 -0.010283 -0.012196
0.622326 0.091777 -0.010283 -0.012196
0.612044 0.079581 -0.010283 -0.012196
0.601761 0.067385 -0.010283 -0.012196
0.591479 0.055189 -0.010283 -0.012196
0.581196 0.042993 -0.010283 -0.012196
0.570914 0.030797 -0.010283 -0.012196
0.560631 0.021399 -0.010283 0.012196
0.550349 0.033595 -0.010283 0.012196
0.540066 0.045791 -0.010283 0.012196
0.529783 0.057987 -0.010283 0.012196
0.519501 0.070183 -0.010283 0.012196
0.509218 0.082379 -0.010283 0.012196
0.498936 0.094575 -0.010283 0.012196
0.488653 0.106771 -0.010283 0.012196
0.478371 0.118967 -0.010283 0.012196
0.468088 0.131163 -0.010283 0.012196
0.457806 0.143359 -0.010283 0.012196
0.447523 0.155555 -0.010283 0.012196
0.437240 0.167750 -0.010283 0.012196
0.426958 0.179946 -0.010283 0.012196
0.416675 0.192142 -0.010283 0.012196
0.406393 0.204338 -0.010283 0.012196
0.396110 0.216534 -0.010283 0.012196
0.385828 0.228730 -0.010283 0.012196
0.375545 0.240926 -0.010283 0.012196
0.365263 0.253122 -0.010283 0.012196
0.354980 0.265318 -0.010283 0.012196
0.344697 0.277514 -0.010283 0.012196
0.334415 0.289710 -0.010283 0.012196
0.324132 0.301906 -0.010283 0.012196
0.328014 0.302727 0.009051 -0.003330
0.337065 0.299397 0.009051 -0.003330
0.346115 0.296067 0.009051 -0.003330
0.355166 0.292738 0.009051 -0.003330
0.364216 0.289408 0.009051 -0.003330
0.373267 0.286078 0.009051 -0.003330
0.382317 0.282748 0.009051 -0.003330
0.391368 0.279419 0.009051 -0.003330
0.400418 0.276089 0.009051 -0.003330
0.409469 0.272759 0.009051 -0.003330
0.418519 0.269429 0.009051 -0.003330
0.427570 0.266099 0.009051 -0.003330
0.436620 0.262770 0.009051 -0.003330
0.445671 0.259440 0.009051 -0.003330
0.454721 0.256110 0.009051 -0.003330
0.463772 0.252780 0.009051 -0.003330
0.472822 0.249451 0.009051 -0.003330
0.481873 0.246121 0.009051 -0.003330
0.474615 0.245430 -0.007292 -0.000685
0.467323 0.244745 -0.007292 -0.000685
0.460032 0.244060 -0.007292 -0.000685
0.452740 0.243374 -0.007292 -0.000685
0.445448 0.242689 -0.007292 -0.000685
0.438156 0.242004 -0.007292 -0.000685
0.430865 0.241319 -0.007292 -0.000685
0.423573 0.240633 -0.007292 -0.000685
0.416281 0.239948 -0.007292 -0.000685
0.408989 0.239263 -0.007292 -0.000685
0.401698 0.238578 -0.007292 -0.000685
0.394406 0.237892 -0.007292 -0.000685
0.387114 0.237207 -0.007292 -0.000685
0.379823 0.236522 -0.007292 -0.000685
0.372531 0.235837 -0.007292 -0.000685
0.365239 0.235151 -0.007292 -0.000685
0.357947 0.234466 -0.007292 -0.000685
0.350656 0.233781 -0.007292 -0.000685
0.343364 0.233096 -0.007292 -0.000685
0.336072 0.232410 -0.007292 -0.000685
0.328780 0.231725 -0.007292 -0.000685
0.321489 0.231040 -0.007292 -0.000685
0.314197 0.230355 -0.007292 -0.000685
0.306905 0.229669 -0.007292 -0.000685
0.299614 0.228984 -0.007292 -0.000685
0.292322 0.228299 -0.007292 -0.000685
0.285030 0.227613 -0.007292 -0.000685
0.277738 0.226928 -0.007292 -0.000685
0.270447 0.226243 -0.007292 -0.000685
0.263155 0.225558 -0.007292 -0.000685
0.255863 0.224872 -0.007292 -0.000685
0.248572 0.224187 -0.007292 -0.000685
0.241280 0.223502 -0.007292 -0.000685
0.233988 0.222817 -0.007292 -0.000685
0.226696 0.222131 -0.007292 -0.000685
0.219405 0.221446 -0.007292 -0.000685
0.212113 0.220761 -0.007292 -0.000685
0.204821 0.220076 -0.007292 -0.000685
0.197529 0.219390 -0.007292 -0.000685
0.190238 0.218705 -0.007292 -0.000685
0.182946 0.218020 -0.007292 -0.000685
0.175654 0.217335 -0.007292 -0.000685
0.168363 0.216649 -0.007292 -0.000685
0.161071 0.215964 -0.007292 -0.000685
0.153779 0.215279 -0.007292 -0.000685
0.146487 0.214594 -0.007292 -0.000685

