10 40
20 72
30 102
40 168
50 202
60 302
70 394
80 430
90 517
100 688
110 792
120 916
130 943
140 1221
150 1215
160 1453
170 1632
180 1898
190 1983
200 2190
210 2470
220 2718
230 2903
240 3176
250 3473
260 3900
270 4250
280 4464
290 4594
300 5314
310 5546
320 6129
330 6280
340 6633
350 7309
360 7947
370 8123
380 8650
390 9327
400 9352
410 10486
420 11301
430 11398
440 11620
450 12597
460 13603
470 13962
480 14659
490 15633
500 16444
510 17329
520 17996
530 18154
540 19686
550 21011
560 20570
570 22414
580 23514
590 24000
600 25369
610 26133
620 28403
630 29347
640 30032
650 31061
660 32101
670 33576
680 36536
690 35922
700 37473
710 38080
720 40354
730 41499
740 43112
750 43718
760 47064
770 46584
780 48322
790 50723
800 52277
810 52877
820 57301
830 57698
840 59656
850 61617
860 62941
870 63959
880 67819
890 71781
900 71566
910 73654
920 77589
930 76862
940 80437
950 80594
960 83238
970 84852
980 90069
990 91010
1000 92893
